code tray col row diam height  codex a.m10 a.b10 a.m20 a.b20 a.m30 a.b30 a.m40 a.b40 a.m50 a.b50 a.m60 a.b60 a.m60p a.b60p codey l.m10 l.b10 l.m20 l.b20 l.m30 l.b30 l.m40 l.b40 l.m50 l.b50 l.m60 l.b60 l.m60p l.b60p m.m10 m.b10 m.m20 m.b20 m.m30 m.b30 m.m40 m.b40 m.m50 m.b50 m.m60 m.b60 m.m60p m.b60p
 1 5 D  3 173 17   1  3016    0  4881    0     0 0     0 0     0 0     0 0    0 0    1 2  0 3 0 0 0 0 0 0 0 0 0 0 0 2 0 0 0 0 0 0 0 0 0 0 0 0 0 
 2 5 D  4 198 19   2     0    0  7313    0     0 0     0 0     0 0     0 0    0 0    2 0  0 5 0 0 0 0 0 0 0 0 0 0 0 4 0 0 0 0 0 0 0 0 0 0 0 0 0 
 3 5 D  5 393 49   3  8387    0  8944    0  8160 0 11947 0  7633 0     0 0    0 0    3 3  0 2 0 2 0 3 0 5 0 0 0 0 0 3 0 0 0 0 0 0 0 0 0 0 0 0 0 
 4 5 D  6 428 48   4     0    0 10845    0 10533 0 13732 0  5834 0     0 0    0 0    4 0  0 2 0 2 0 2 0 3 0 0 0 0 0 3 0 0 0 0 0 0 0 0 0 0 0 0 0 
 5 5 D  7 404 46   5 10918    0 12525  416 11716 0 10498 0  6008 0     0 0    0 0    5 2  0 2 1 2 0 2 0 3 0 0 0 0 0 3 0 0 0 0 0 0 0 0 0 0 0 0 0 
 6 5 D  8 382 38   6 12380    0 13153    0 15932 0  9012 0     0 0     0 0    0 0    6 3  0 2 0 3 0 4 0 0 0 0 0 0 0 2 0 0 0 0 0 0 0 0 0 0 0 0 0 
 7 5 D  9 416 39   7  7091    0 14743  545 10696 0  4336 0     0 0     0 0    0 0    7 4  0 3 1 3 0 3 0 0 0 0 0 0 0 2 0 0 0 0 0 0 0 0 0 0 0 0 0 
 8 5 D 10 395 35   8 10153 6524 13229    0  8872 0  2643 0     0 0     0 0    0 0    8 7 15 3 0 3 0 3 0 0 0 0 0 0 0 0 0 0 0 0 0 0 0 0 0 0 0 0 0 
 9 5 I  3 515 56   9    74    0 12910    0 12573 0 14127 0 12191 0  3648 0    0 0    9 1  0 2 0 2 0 3 0 3 0 3 0 0 0 0 0 0 0 0 0 0 0 0 0 0 0 0 0 
10 5 I  4 480 56  10     0    0 11099    0  8364 0 11076 0  8332 0  2064 0    0 0   10 0  1 2 0 2 0 3 0 3 0 3 0 4 0 0 0 3 0 0 0 0 0 0 0 0 0 0 0 
11 5 I  5 462 55  11  8395    0 11614    0  9522 0  8428 0 10204 0  3351 0    0 0   11 2  0 2 0 2 0 2 0 3 0 3 0 0 0 3 0 0 0 0 0 0 0 0 0 0 0 0 0 
12 5 I  6 467 55  12  3609    0 12955    0 11382 0  9903 0 12676 0  3032 0    0 0   12 1  0 2 0 2 0 2 0 3 0 3 0 0 0 3 0 0 0 0 0 0 0 0 0 0 0 0 0 
13 5 I  7 455 46  13  9178  485 11328    0 10839 0 13758 0  5345 0     0 0    0 0   13 2  1 2 0 2 0 3 0 3 0 0 0 0 0 2 0 0 0 0 0 0 0 0 0 0 0 0 0 
14 5 I  8 387 33  14 11266    0 10237    0 12085 0  2256 0     0 0     0 0    0 0   14 6  0 3 0 4 0 2 0 0 0 0 0 0 0 0 0 0 0 0 0 0 0 0 0 0 0 0 0 
15 5 I  9 427 42  15  8042    0 11173    0  3403 0  9046 0  1817 0     0 0    0 0   15 6  0 3 0 1 0 3 0 2 0 0 0 0 0 0 0 0 0 1 0 0 0 0 0 0 0 0 0 
16 5 I 10 433 46  16 10406    0 10619    0  8028 0  9254 0  1529 0     0 0    0 0   16 8  0 3 0 2 0 3 0 3 0 0 0 0 0 0 0 0 0 0 0 0 0 0 0 0 0 0 0 
17 6 E  3 463 55  17     0    0 11292    0 12274 0 10911 0 13406 0  5739 0    0 0   17 0  0 2 0 2 0 2 0 3 0 3 0 0 0 2 0 0 0 0 0 0 0 0 0 0 0 0 0 
18 6 E  4 485 57  18     0    0  7550    0  8671 0  8429 0 11722 0  4309 0    0 0   18 0  0 2 0 2 0 2 0 3 0 3 0 0 0 3 0 0 0 0 0 0 0 0 0 0 0 0 0 
19 6 E  5 472 56  19  3549    0 10892    0 13387 0  9172 0 10850 0  2397 0    0 0   19 1  0 2 0 3 0 2 0 3 0 2 0 0 0 3 0 0 0 0 0 0 0 0 0 0 0 0 0 
20 6 E  6 455 65  20     0    0  6006    0 14569 0  8759 0 11323 0  5353 0  872 0   20 0  0 1 0 3 0 2 0 3 0 3 0 3 0 5 0 0 0 0 0 0 0 0 0 0 0 0 0 
21 6 E  7 452 46  21  4318    0 13629    0 18688 0 12095 0  6017 0     0 0    0 0   21 1  0 2 0 3 0 2 0 3 0 0 0 0 0 2 0 0 0 0 0 0 0 0 0 0 0 0 0 
22 6 E  8 405 35  22  8958 2558 14588    0 10435 0  8569 0     0 0     0 0    0 0   22 4  4 3 0 2 0 3 0 0 0 0 0 0 0 1 0 0 0 0 0 0 0 0 0 0 0 0 0 
23 6 E  9 490 46  23 10358 1239 14107    0 10401 0  5949 0  3403 0     0 0    0 0   23 4  2 3 0 3 0 2 0 3 0 0 0 0 0 0 0 0 0 0 0 0 0 0 0 0 0 0 0 
24 6 E 10 503 39  24 12103 1705 12878    0  6119 0  5042 0     0 0     0 0    0 0   24 5  2 4 0 2 0 4 0 0 0 0 0 0 0 0 0 0 0 0 0 0 0 0 0 0 0 0 0 
25 6 G  3 422 47  25  6238    0 11010    0 12202 0 16303 0 11737 0     0 0    0 0   25 2  0 2 0 2 0 3 0 4 0 0 0 0 0 3 0 0 0 0 0 0 0 0 0 0 0 0 0 
26 6 G  4 482 60  26     0    0  8873    0  8637 0 13124 0 12083 0  3766 0    0 0   26 0  0 2 0 2 0 3 0 3 0 4 0 0 0 3 0 1 0 0 0 0 0 0 0 0 0 0 0 
27 6 G  5 446 51  27     0    0 11674    0 15063 0  9295 0  9983 0   988 0    0 0   27 0  0 2 0 3 0 2 0 4 0 2 0 0 0 5 0 0 0 0 0 0 0 0 0 0 0 0 0 
28 6 G  6 340 27  28 11198    0 13244    0  5869 0     0 0     0 0     0 0    0 0   28 4  0 3 0 2 0 0 0 0 0 0 0 0 0 0 0 0 0 0 0 0 0 0 0 0 0 0 0 
29 6 G  7 442 46  29     0 4773 12999    0 16248 0  9811 0  6643 0     0 0    0 0   29 0  1 2 0 3 0 2 0 3 0 0 0 0 0 5 0 0 0 0 0 0 0 0 0 0 0 0 0 
30 6 G  8 492 57  30  8255    0 11365    0  9763 0  9040 0  9312 0  2002 0    0 0   30 2  0 2 0 2 0 2 0 3 0 3 0 0 0 3 0 0 0 0 0 0 0 0 0 0 0 0 0 
31 6 G  9 465 34  31  9652    0 12821    0 10782 0  3849 0     0 0     0 0    0 0   31 6  0 3 0 3 0 3 0 0 0 0 0 0 0 0 0 0 0 0 0 0 0 0 0 0 0 0 0 
32 6 G 10 460 28  32 12611  374  9929    0  9819 0     0 0     0 0     0 0    0 0   32 9  2 3 0 4 0 0 0 0 0 0 0 0 0 0 0 0 0 0 0 0 0 0 0 0 0 0 0 
33 7 D  3 347 42  33  4285    0 14474    0  7748 0 10332 0  3556 0     0 0    0 0   33 2  0 3 0 2 0 3 0 2 0 0 0 0 0 2 0 0 0 0 0 0 0 0 0 0 0 0 0 
34 7 D  4 470 66  34     0    0  6245    0 12164 0 14490 0 10654 0  9788 0 2540 0   34 0  0 1 0 2 0 3 0 2 0 3 0 3 0 4 0 1 0 0 0 0 0 0 0 0 0 0 0 
35 7 D  5 418 49  35     0    0  5430    0 15711 0 12314 0  6322 0     0 0    0 0   35 0  0 1 0 3 0 3 0 4 0 0 0 0 0 4 0 1 0 0 0 0 0 0 0 0 0 0 0 
36 7 D  6 486 43  36  6754    0 18995    0  9841 0 13562 0  5831 0     0 0    0 0   36 2  0 3 0 2 0 3 0 3 0 0 0 0 0 4 0 0 0 0 0 0 0 0 0 0 0 0 0 
37 7 D  7 469 39  37  6411    0 12365    0 13579 0 10226 0     0 0     0 0    0 0   37 2  0 2 0 3 0 4 0 0 0 0 0 0 0 3 0 0 0 0 0 0 0 0 0 0 0 0 0 
38 7 D  8 433 59  38     0    0 15342    0  8084 0  8507 0  9885 0  3240 0    0 0   38 0  0 4 0 2 0 2 0 3 0 4 0 0 0 4 0 0 0 0 0 0 0 0 0 0 0 0 0 
39 7 D  9 475 40  39  9321    0 14523    0  8852 0 13346 0     0 0     0 0    0 0   39 2  0 3 0 2 0 5 0 0 0 0 0 0 0 1 0 0 0 0 0 0 0 0 0 0 0 0 0 
40 7 D 10 470 37  40  8263    0  9849    0  6564 0  5049 0     0 0     0 0    0 0   40 5  0 3 0 3 0 4 0 0 0 0 0 0 0 0 0 0 0 0 0 0 0 0 0 0 0 0 0 
41 7 1  3 373 46  41  1972    0 16836    0  9952 0 15096 0  6022 0     0 0    0 0   41 1  0 3 0 2 0 3 0 2 0 0 0 0 0 4 0 0 0 0 0 0 0 0 0 0 0 0 0 
42 7 I  4 458 53  42     0    0 10546    0 14712 0  9528 0 13644 0  1403 0    0 0   42 0  0 2 0 3 0 2 0 4 0 2 0 0 0 4 0 0 0 0 0 0 0 0 0 0 0 0 0 
43 7 I  5 403 50  43     0    0 15712    0 13148 0  8708 0 12019 0     0 0    0 0   43 0  0 3 0 3 0 2 0 4 0 0 0 0 0 4 0 0 0 0 0 0 0 0 0 0 0 0 0 
44 7 I  6 415 55  44  2467    0  5827    0 13337 0  8589 0 12365 0  4781 0    0 0   44 1  0 1 0 3 0 2 0 3 0 3 0 0 0 5 0 1 0 0 0 0 0 0 0 0 0 0 0 
45 7 I  7 500 62  45  4908    0  6263 3233 14752 0  7699 0  6841 0  4560 0  154 0   45 1  0 1 4 3 0 2 0 2 0 4 0 2 0 4 0 0 0 0 0 0 0 0 0 0 0 0 0 
46 7 I  8 522 50  46  8960    0 10724    0 12947 0  7527 0  9160 0     0 0    0 0   46 3  0 2 0 3 0 2 0 4 0 0 0 0 0 1 0 0 0 0 0 0 0 0 0 0 0 0 0 
47 7 I  9 419 31  47  8914    0  9494    0 14618 0  4515 0     0 0     0 0    0 0   47 5  0 2 0 3 0 2 0 0 0 0 0 0 0 0 0 0 0 0 0 0 0 0 0 0 0 0 0 
48 7 I 10 421 34  48 15614 6520  9178    0 13286 0  2069 0     0 0     0 0    0 0   48 6 12 2 0 3 0 2 0 0 0 0 0 0 0 0 0 0 0 0 0 0 0 0 0 0 0 0 0 
49 8 E  3 483 48  49  3815    0 11189    0 13141 0  7982 0  8815 0     0 0    0 0   49 1  0 2 0 3 0 2 0 3 0 0 0 0 0 4 0 0 0 0 0 0 0 0 0 0 0 0 0 
50 8 E  4 308 32  50   162    0  8618    0  9145 0  3754 0     0 0     0 0    0 0   50 1  0 2 0 3 0 2 0 0 0 0 0 0 0 3 0 0 0 0 0 0 0 0 0 0 0 0 0 
51 8 E  5 413 49  51  4158    0 10765    0 10489 0 15384 0 11761 0     0 0    0 0   51 1  0 2 0 2 0 3 0 4 0 0 0 0 0 4 0 0 0 0 0 0 0 0 0 0 0 0 0 
52 8 E  6 306 35  52  2980    0  7437    0 10859 0  5032 0     0 0     0 0    0 0   52 1  0 2 0 3 0 3 0 0 0 0 0 0 0 3 0 0 0 0 0 0 0 0 0 0 0 0 0 
53 8 E  7 465 47  53  5089    0 16775    0  8952 0 10584 0  7996 0     0 0    0 0   53 1  0 2 0 2 0 3 0 4 0 0 0 0 0 3 0 0 0 0 0 0 0 0 0 0 0 0 0 
54 8 E  8 451 60  54  3925    0 12061    0 10401 0 11492 0 10186 0  5601 0    0 0   54 1  0 2 0 2 0 2 0 2 0 4 0 0 0 3 0 0 0 0 0 0 0 0 0 0 0 0 0 
55 8 E  9 488 38  55  9992 2436 15107    0 10942 0 10595 0     0 0     0 0    0 0   55 3  4 3 0 2 0 3 0 0 0 0 0 0 0 0 0 0 0 0 0 0 0 0 0 0 0 0 0 
56 8 E 10 408 26  56 10918    0 15366    0  5920 0     0 0     0 0     0 0    0 0   56 5  0 4 0 3 0 0 0 0 0 0 0 0 0 0 0 0 0 0 0 0 0 0 0 0 0 0 0 
57 8 H  3 378 44  57  5384  469  7276    0 11264 0 10588 0  4169 0     0 0    0 0   57 2  2 2 0 3 0 3 0 3 0 0 0 0 0 2 0 0 0 0 0 0 0 0 0 0 0 0 0 
58 8 H  4 330 40  58     0    0  8590    0 11871 0 13040 0     0 0     0 0    0 0   58 0  0 2 0 3 0 5 0 0 0 0 0 0 0 4 0 0 0 0 0 0 0 0 0 0 0 0 0 
59 8 H  5 272 25  59     0  218  4009    0  3735 0     0 0     0 0     0 0    0 0   59 0  1 2 0 3 0 0 0 0 0 0 0 0 0 3 0 0 0 0 0 0 0 0 0 0 0 0 0 
60 8 H  6 431 55  60  6270    0 11032    0 13759 0  7774 0 11221 0  3255 0    0 0   60 2  0 2 0 3 0 2 0 3 0 2 0 0 0 2 0 0 0 0 0 0 0 0 0 0 0 0 0 
61 8 H  7 415 54  61     0    0  6505    0 12145 0 11048 0 12547 0  3220 0    0 0   61 0  0 1 0 2 0 2 0 3 0 2 0 0 0 4 0 0 0 0 0 0 0 0 0 0 0 0 0 
62 8 H  8 409 57  62  7306 1113  7840    0  9361 0  7594 0  9581 0  2771 0    0 0   62 2  2 2 0 3 0 2 0 3 0 3 0 0 0 2 0 0 0 0 0 0 0 0 0 1 0 0 0 
63 8 H  9 463 42  63 15908    0 11515    0 13545 0  8303 0  2272 0     0 0    0 0   63 6  0 2 0 3 0 2 0 1 0 0 0 0 0 0 0 0 0 0 0 0 0 0 0 0 0 0 0 
64 8 H 10 480 30  64  9723    0 12058    0 10543 0     0 0     0 0     0 0    0 0   64 7  0 3 0 4 0 0 0 0 0 0 0 0 0 0 0 0 0 0 0 0 0 0 0 0 0 0 0 
